5, 1, 6, 6, 5, 5, 2, 2, 3, 7, 2, 0, 8, 0, 0, 3, 2, 0, 3, 1, 0, 0, 1
-1.0, 1.0, 1.0, 1.0, 1.0, 1.0, 1.0, 1.0, 1.0, 1.0, 1.0, 1.0, -1.0, 1.0, 1.0, 1.0, 1.0, 1.0, 1.0, 1.0, 1.0, 1.0, 1.0
2, 21, 312, 0.9
3, 9, 8, 9, 5, 5, 9, 3, 9, 6, 6, 3, 6, 3, 1, 1, 8, 8, 8, 3, 3, 3, 1, 5, 8, 1, 0, 2
-1.0, -1.0, 1.0, 1.0, 1.0, 1.0, 1.0, 1.0, 1.0, 1.0, 1.0, 1.0, 1.0, 1.0, 1.0, -1.0, -1.0, -1.0, 1.0, 1.0, 1.0, 1.0, 1.0, 1.0, 1.0, -1.0, -1.0, 1.0
7, 21, 383, 0.9
2, 3, 2, 7, 2, 0, 0, 1, 1, 6, 9, 9, 3, 8, 1, 2, 2, 9, 1, 1, 0, 1, 5, 0
1.0, 1.0, 1.0, 1.0, 1.0, 1.0, 1.0, 1.0, 1.0, 1.0, -1.0, -1.0, -1.0, 1.0, 1.0, 1.0, 1.0, 1.0, 1.0, 1.0, 1.0, 1.0, 1.0, 1.0
3, 21, 326, 0.9
0, 0, 7, 8, 6, 1, 3, 3, 7, 6, 3, 1, 5, 3, 1, 2, 2, 5, 2, 1, 2, 2, 0, 1, 3, 1, 2, 1, 1, 3, 2, 1, 2, 2, 1
-1.0, -1.0, -1.0, -1.0, 1.0, 1.0, 1.0, 1.0, 1.0, 1.0, 1.0, 1.0, 1.0, -1.0, 1.0, 1.0, 1.0, 1.0, -1.0, -1.0, -1.0, -1.0, -1.0, 1.0, 1.0, 1.0, 1.0, 1.0, 1.0, -1.0, -1.0, -1.0, -1.0, 1.0, 1.0
14, 21, 490, 0.9
1, 6, 0, 2, 1, 1, 7, 1, 1, 0, 7, 0, 3, 0, 1, 2, 2, 0, 0, 0, 0, 2, 1, 2, 1, 0, 1, 1, 0, 1, 0, 5, 0, 2, 1, 1, 1, 0
-1.0, -1.0, -1.0, -1.0, -1.0, 1.0, 1.0, 1.0, 1.0, 1.0, 1.0, 1.0, 1.0, 1.0, 1.0, 1.0, 1.0, 1.0, 1.0, 1.0, 1.0, 1.0, -1.0, -1.0, -1.0, -1.0, -1.0, -1.0, -1.0, -1.0, -1.0, -1.0, -1.0, -1.0, -1.0, -1.0, -1.0, -1.0
21, 17, 518, 0.9
2, 1, 1, 7, 0, 2, 1, 1, 2, 5, 0, 3, 3, 7, 1, 0, 1, 1, 5, 2, 0, 1, 6, 1, 1, 1, 1, 3, 1, 3, 6, 3, 3, 3, 2, 3, 2, 5
1.0, 1.0, 1.0, 1.0, 1.0, 1.0, -1.0, 1.0, 1.0, 1.0, -1.0, -1.0, -1.0, -1.0, 1.0, 1.0, 1.0, 1.0, 1.0, 1.0, -1.0, -1.0, -1.0, -1.0, -1.0, -1.0, -1.0, 1.0, 1.0, 1.0, 1.0, -1.0, -1.0, -1.0, -1.0, -1.0, 1.0, 1.0
17, 21, 528, 0.8
2, 5, 6, 2, 7, 3, 0, 2, 9, 2, 1, 0, 0, 6, 5, 6, 3, 0, 0, 2, 1, 2, 2, 0, 0, 1, 0, 2, 2, 2, 2, 5
-1.0, -1.0, -1.0, -1.0, 1.0, 1.0, -1.0, 1.0, 1.0, 1.0, 1.0, 1.0, 1.0, 1.0, 1.0, 1.0, 1.0, -1.0, -1.0, 1.0, 1.0, 1.0, 1.0, 1.0, 1.0, -1.0, -1.0, -1.0, -1.0, 1.0, 1.0, 1.0
11, 21, 439, 0.8
1, 1, 8, 2, 9, 2, 2, 1, 1, 3, 0, 2, 3, 1, 3, 1, 1, 2, 7, 1, 1, 2, 2, 3, 1, 1, 1, 1, 2, 1, 1
-1.0, 1.0, 1.0, 1.0, 1.0, 1.0, 1.0, 1.0, 1.0, -1.0, -1.0, -1.0, -1.0, -1.0, 1.0, 1.0, 1.0, 1.0, 1.0, 1.0, 1.0, 1.0, 1.0, -1.0, -1.0, -1.0, -1.0, 1.0, 1.0, 1.0, 1.0
10, 21, 406, 0.8
1, 8, 8, 6, 2, 9, 7, 0, 7, 5, 2, 8, 0, 1, 7, 8, 5, 0, 2, 5, 5, 8, 3, 8, 1, 2, 1, 2, 6, 2, 2, 3
-1.0, -1.0, -1.0, 1.0, -1.0, -1.0, -1.0, 1.0, 1.0, 1.0, 1.0, 1.0, 1.0, -1.0, 1.0, 1.0, 1.0, 1.0, 1.0, -1.0, -1.0, -1.0, -1.0, 1.0, 1.0, 1.0, 1.0, 1.0, 1.0, 1.0, 1.0, 1.0
11, 21, 459, 0.8
0, 5, 6, 2, 2, 1, 8, 5, 1, 2, 1, 2, 0, 3, 5, 0, 2, 8, 2, 1, 1, 0, 1, 1, 0, 0, 5, 2, 1, 1, 2, 1
1.0, 1.0, 1.0, 1.0, 1.0, 1.0, -1.0, -1.0, 1.0, 1.0, 1.0, 1.0, 1.0, 1.0, 1.0, 1.0, 1.0, 1.0, 1.0, 1.0, 1.0, -1.0, -1.0, -1.0, -1.0, -1.0, -1.0, -1.0, -1.0, -1.0, 1.0, 1.0
11, 21, 454, 0.8
3, 7, 3, 6, 1, 2, 0, 3, 1, 3, 2, 1, 3, 1, 0, 2, 2, 0, 1, 1, 7, 5, 1, 3, 1, 2
-1.0, -1.0, -1.0, 1.0, 1.0, 1.0, 1.0, 1.0, 1.0, 1.0, 1.0, 1.0, 1.0, 1.0, 1.0, -1.0, -1.0, 1.0, 1.0, 1.0, 1.0, 1.0, 1.0, 1.0, 1.0, 1.0
5, 21, 349, 0.7
0, 8, 2, 2, 0, 7, 2, 2, 7, 3, 9, 5, 5, 3, 1, 6, 1, 5, 3, 0, 2, 0, 7, 2, 3, 1, 3, 1, 0, 6
-1.0, -1.0, -1.0, -1.0, -1.0, -1.0, -1.0, -1.0, -1.0, 1.0, 1.0, 1.0, 1.0, 1.0, 1.0, 1.0, 1.0, 1.0, 1.0, 1.0, 1.0, 1.0, 1.0, 1.0, 1.0, 1.0, 1.0, 1.0, 1.0, 1.0
9, 21, 346, 0.7
2, 0, 6, 2, 7, 0, 3, 1, 3, 5, 2, 1, 0, 3, 8, 2, 3, 3, 8, 1, 3, 2, 2, 0, 0, 2, 0, 3, 1, 2, 1, 1, 0, 1, 3, 2, 1, 3, 1
1.0, 1.0, 1.0, 1.0, 1.0, 1.0, 1.0, -1.0, -1.0, 1.0, -1.0, -1.0, -1.0, -1.0, -1.0, -1.0, -1.0, -1.0, 1.0, 1.0, 1.0, 1.0, 1.0, -1.0, -1.0, -1.0, -1.0, 1.0, 1.0, 1.0, 1.0, 1.0, -1.0, -1.0, -1.0, -1.0, -1.0, -1.0, -1.0
21, 18, 529, 0.7
3, 7, 3, 1, 0, 7, 1, 1, 0, 5, 6, 3, 3, 3, 3, 3, 2, 2, 1, 3, 6, 2, 0, 1, 8, 2, 2, 2, 2, 2, 2, 1, 1, 7, 2, 0, 1, 0, 3, 0, 0
-1.0, -1.0, -1.0, -1.0, -1.0, -1.0, -1.0, 1.0, 1.0, -1.0, 1.0, 1.0, 1.0, 1.0, 1.0, -1.0, -1.0, -1.0, -1.0, 1.0, -1.0, -1.0, 1.0, 1.0, 1.0, 1.0, 1.0, 1.0, 1.0, 1.0, -1.0, -1.0, -1.0, -1.0, 1.0, 1.0, 1.0, 1.0, -1.0, -1.0, -1.0
21, 20, 598, 0.7
3, 1, 1, 5, 6, 3, 2, 0, 1, 5, 3, 6, 8, 6, 0, 9, 2, 3, 5, 5, 0, 0, 5, 2, 3, 0, 2, 0, 3, 0, 3
-1.0, -1.0, -1.0, -1.0, -1.0, -1.0, -1.0, -1.0, -1.0, -1.0, 1.0, 1.0, 1.0, 1.0, 1.0, 1.0, 1.0, 1.0, 1.0, 1.0, 1.0, 1.0, 1.0, 1.0, 1.0, 1.0, 1.0, 1.0, 1.0, 1.0, 1.0
10, 21, 376, 0.7
0, 1, 2, 3, 1, 8, 3, 0, 0, 3, 1, 7, 7, 1, 2, 2, 3, 3, 0, 8, 3, 8, 5, 3, 8, 3
-1.0, -1.0, -1.0, -1.0, -1.0, -1.0, 1.0, 1.0, 1.0, -1.0, -1.0, -1.0, -1.0, -1.0, -1.0, -1.0, -1.0, -1.0, -1.0, -1.0, -1.0, 1.0, 1.0, -1.0, -1.0, -1.0
21, 5, 338, 0.6
0, 1, 9, 2, 5, 3, 1, 9, 2, 0, 0, 1, 3, 2, 2, 0, 0, 2, 1, 2, 0, 2, 0, 0, 0, 1, 2, 2, 1, 2, 3, 2, 2, 1, 2, 2, 0
1.0, 1.0, 1.0, 1.0, 1.0, 1.0, 1.0, 1.0, -1.0, 1.0, 1.0, 1.0, -1.0, -1.0, -1.0, -1.0, -1.0, -1.0, -1.0, -1.0, -1.0, -1.0, -1.0, 1.0, 1.0, 1.0, 1.0, 1.0, 1.0, 1.0, -1.0, -1.0, -1.0, -1.0, 1.0, 1.0, 1.0
16, 21, 539, 0.6
3, 8, 3, 1, 2, 7, 3, 2, 2, 3, 9, 3, 1, 0, 0, 1, 0, 2, 2, 0, 3, 3, 5, 1, 3, 3, 3, 1, 1, 0, 2, 2, 1
-1.0, 1.0, 1.0, -1.0, -1.0, 1.0, 1.0, -1.0, -1.0, -1.0, -1.0, -1.0, -1.0, -1.0, -1.0, 1.0, 1.0, 1.0, 1.0, 1.0, 1.0, 1.0, 1.0, 1.0, -1.0, 1.0, 1.0, 1.0, 1.0, 1.0, 1.0, 1.0, 1.0
12, 21, 460, 0.6
1, 0, 5, 0, 1, 9, 0, 1, 0, 1, 1, 1, 0, 1, 0, 1, 0, 3, 0, 1, 1, 1, 0, 0, 0, 1, 2, 0, 1, 1, 1
-1.0, 1.0, 1.0, 1.0, 1.0, 1.0, 1.0, 1.0, -1.0, -1.0, -1.0, -1.0, 1.0, 1.0, 1.0, 1.0, 1.0, 1.0, 1.0, -1.0, -1.0, -1.0, -1.0, -1.0, 1.0, 1.0, 1.0, 1.0, 1.0, 1.0, 1.0
10, 21, 406, 0.6
0, 1, 0, 2, 2, 1, 3, 0, 1, 0, 0, 0, 1, 0, 0, 5, 0, 1, 1, 2, 5, 0, 2, 1, 0, 0, 0, 0, 1, 5, 3, 0, 0, 1, 1, 1
-1.0, 1.0, 1.0, 1.0, 1.0, 1.0, 1.0, 1.0, 1.0, 1.0, 1.0, 1.0, 1.0, -1.0, -1.0, -1.0, -1.0, -1.0, -1.0, -1.0, -1.0, -1.0, 1.0, 1.0, 1.0, 1.0, -1.0, -1.0, 1.0, 1.0, 1.0, 1.0, -1.0, -1.0, -1.0, 1.0
15, 21, 509, 0.6
0, 9, 2, 1, 8, 0, 1, 5, 0, 0, 0, 2, 2, 1, 1, 0, 0, 1, 1, 0, 2, 2, 1, 0, 1, 1, 2, 0, 0, 0, 0, 0
1.0, 1.0, -1.0, -1.0, 1.0, 1.0, 1.0, 1.0, 1.0, -1.0, -1.0, -1.0, 1.0, -1.0, -1.0, -1.0, -1.0, 1.0, 1.0, 1.0, -1.0, 1.0, 1.0, 1.0, 1.0, 1.0, 1.0, 1.0, 1.0, 1.0, -1.0, 1.0
11, 21, 552, 0.5
1, 2, 2, 3, 6, 3, 5, 0, 2, 1, 7, 8, 6, 7, 0, 8, 0, 5, 8, 1, 0, 2, 7, 9
-1.0, -1.0, 1.0, -1.0, -1.0, -1.0, -1.0, -1.0, -1.0, -1.0, -1.0, -1.0, -1.0, -1.0, -1.0, -1.0, -1.0, -1.0, -1.0, 1.0, 1.0, -1.0, -1.0, -1.0
21, 3, 310, 0.5
2, 1, 0, 6, 0, 1, 8, 1, 2, 9, 1, 3, 0, 0, 3, 2, 0, 3, 1, 1, 0, 2, 3, 7, 0, 6, 3, 1, 2, 1, 1, 2, 2
-1.0, -1.0, 1.0, 1.0, 1.0, 1.0, 1.0, 1.0, -1.0, -1.0, -1.0, -1.0, -1.0, 1.0, 1.0, 1.0, -1.0, -1.0, 1.0, -1.0, 1.0, -1.0, -1.0, 1.0, 1.0, 1.0, 1.0, 1.0, 1.0, 1.0, 1.0, 1.0, 1.0
12, 21, 477, 0.5
3, 5, 0, 9, 1, 0, 1, 3, 2, 0, 0, 2, 8, 1, 0, 1, 0, 0, 0, 3, 1, 0, 1, 0, 1
-1.0, 1.0, 1.0, 1.0, 1.0, -1.0, 1.0, 1.0, 1.0, 1.0, 1.0, 1.0, 1.0, 1.0, 1.0, 1.0, -1.0, 1.0, -1.0, 1.0, 1.0, 1.0, 1.0, 1.0, 1.0
4, 21, 389, 0.5
0, 6, 0, 0, 3, 9, 2, 2, 3, 8, 2, 1, 0, 2, 8, 5, 2, 0, 1, 5, 6, 1, 0, 3, 2, 9, 5, 5, 5, 2, 9, 0, 8, 2, 1, 0, 3
-1.0, -1.0, -1.0, 1.0, 1.0, 1.0, 1.0, 1.0, 1.0, 1.0, 1.0, -1.0, -1.0, -1.0, -1.0, -1.0, 1.0, 1.0, -1.0, 1.0, 1.0, -1.0, -1.0, -1.0, -1.0, -1.0, -1.0, -1.0, 1.0, 1.0, 1.0, 1.0, 1.0, 1.0, 1.0, 1.0, 1.0
16, 21, 513, 0.5
1, 5, 3, 5, 0, 6, 5, 9, 6, 2, 5, 6, 5, 6, 6, 8, 1, 1, 3, 8, 0, 5, 5, 2, 5, 5, 8, 5, 1, 3, 7, 8, 5
-1.0, -1.0, -1.0, -1.0, -1.0, -1.0, -1.0, 1.0, -1.0, -1.0, 1.0, 1.0, 1.0, 1.0, -1.0, -1.0, 1.0, 1.0, 1.0, -1.0, -1.0, 1.0, 1.0, 1.0, 1.0, -1.0, -1.0, -1.0, -1.0, -1.0, -1.0, -1.0, -1.0
21, 12, 513, 0.4
